[197-98 [68 [03 69 [194 [203 [222 [23.4 [170 [60 [08 [26]
[1980-13.7 [10.4 [7.1 [76 [149 [203 [237 [195 [150 [63 [14 [06 |
[1982-63 [10.9 [-17 [104 [158 [17.4 [225 [207 [158 [63 [00 [10 |
[i9e3-45 FS [06 [129 [169 [192 [233 [206 [162 [a6 [02 [29 |
[i9e4-3.9 [138 [22 [78 [199 [211 [240 [193 [165 [7.8 [0.6 [10.8 |
[ises-80 [10.6 [7.8 [78 [183 [195 [206 [246 [139 [57 [os [44 |
[1986-38 [126 [31 [129 [158 [222 [23.0 [233 [155 [68 [28 [60 |
[isee-s1 97 [03 et [145 228 [245 207 [15.0 [68-25 [57 |
[ise9-47 [2.4 [08 [102 [139 [218 [222 [217 [165 [7.8 [05 [37 |
[i99i[-5.0 [86 [20 [102 [166 [232 [250 [215 [ia7 [iia [02 [66 |
[i946 [68 [07 [79 [136 [207 [213 [214 [146 [65 [13 [56 |
[i946 67 [21 [75 [157 [a4 [203 [202 [116 [68 7.7 [4B |
[ i9oq-2.9 [140 [3.4 [100 [147 [181 [20.7 [20.8 [188 [98 [07 [89 |
[is5[59 [08 [28 [128 [172 [242 [226 [212 [160 [79 [27 61 |
[ 1997/-10.4 [66 [08 [82 [165 [214 [219 [219 [129 [a6 [02 [78 |
[1998-9081 [02 [88 [1S9 aa [2ST [222 [163 [as [25 [4g |
[20-48 FS [1.2 [24 [123 [194 [237 [ant [at [74 [it [0B |
[2002-55 [08 [38 [76 [138 [197 [267 [aii [ie4 [79 21 [28 |
[2003-52 F103 [41 [66 [177 [168 [223° [221 [145 [ee [2-24 |
[2005-30 [68 [28 [97 [180 [198 [226 [229 [ial [92 [25 [16 |
[2006-13.8 [98 [07 [101 [161 [227 [219 [260 [17.2 [95 [13 [09 |
[2008-108 [5.6 [46 [113 [154 [197 [242 [240 [iag [99 BT ST |
[2009-81 [41 [09 [75 [152 [236 [258 [199 [169 [10.6 [22 [53 |
[2010-103 [7.9 [11 [8.7 [17.9 [250 [282 [27.9 [ial [64 [65 [08 |
[2014-83 [65 [09 [87 [200 [210 [244 [25.2 [157 [53 [26 [37 |
[2017-62 [59 [32 [96 [153 [202 [248 [260 [178 [a4 [24 [07 |
[2oie68 [65 [46 [94 [199 [a28 [257 [230 [182 [10.7 [10 [44 |
[2019-57 [43 [27 [103 [184 [249 [220 [218 [150 [11.0 [03 [08 |
wise 49/06 [100 [184 228 27.2 267 [40 [78 BO 23]